[bk.jpg]
moddate=9f33986df61dda01
width=512
height=768
text=1;150;29;Music in Motion&#010;Dance Academy;Arial;0.664988,0.260777,0.027754,6.283185;v1,4294967295,4278190080,128.000000,1.000000,0.000000,1.000000,400,0,49152;;
textactive=1
[sec.jpg]
filters=crop64=1,3d4cffffec10;
crop=rect64(3d4cffffec10)
moddate=fd4c000a081eda01
width=7952
height=5304
textactive=0
[sec.1.jpg]
moddate=bcc5bd17a626da01
width=854
height=389
text=1;165;44;“WE’RE HERE TO LEARN FROM EACH OTHER”;Arial;0.138599,0.572107,0.069271,0.000000;v1,4294967295,4278190080,128.000000,1.000000,0.000000,1.000000,400,0,49152;;
textactive=1
